2014/11/04 - 22:08:27
IMECA = 140.49443650443652
Calidad del aire: Malo
CO = 14.147421301123096
NO2 = 0.27465564785301216
O3 = 0.1596386038770076
SO2 = 0.20468554318467236
-------------------------------------------
2014/11/04 - 22:08:28
IMECA = 151.62836576550154
Calidad del aire: Muy Malo
CO = 16.123211879308272
NO2 = 0.30727259282531916
O3 = 0.16938136511578614
SO2 = 0.20752610855575163
-------------------------------------------
2014/11/04 - 22:08:28
IMECA = 154.70145243141735
Calidad del aire: Muy Malo
CO = 15.408265955125893
NO2 = 0.29472836460962554
O3 = 0.1784479031375237
SO2 = 0.229005995270149
-------------------------------------------